5.200000000000000000e+03 1.884024292201900819e+00 -3.339916193582333909e-02 -1.293003340063069800e+03 -8.666897133631436267e-02 -1.799036408440194634e+00 1.226699121334684605e+03 -1.707651505564029251e-04 4.390445960175898624e-05 1.524472880751743586e+00
5.210000000000000000e+03 1.822328446653835421e+00 -1.936174837085239547e-02 -9.857660455123900647e+02 -6.901430504147784348e-03 -1.754658341954208556e+00 1.197580881101867590e+03 -6.112490064347541393e-05 1.282085024425218224e-04 1.440393736870816399e+00
5.220000000000000000e+03 1.816031821115953404e+00 1.738037753218086862e-03 -6.839555815745749214e+02 -4.694681225513620132e-02 -1.702064715245477977e+00 1.241288194109150481e+03 -1.262081607802318967e-04 2.184162376986720016e-04 1.436799487936786912e+00
5.230000000000000000e+03 1.793034035247255353e+00 -9.442712160447515324e-02 -3.808430249587522098e+02 -1.798586568930289065e-01 -1.691098787955856109e+00 1.348022039489080726e+03 -1.008179850204646158e-04 2.066236029087537007e-04 1.398130409877459401e+00
5.240000000000000000e+03 1.753207677921745145e+00 -2.874971321768193255e-01 -3.065379857142690057e+01 -3.857870461456516242e-01 -1.719235156922365393e+00 1.535314826680687247e+03 -9.437725348693186520e-05 1.072286604629633022e-04 1.497127881716645126e+00
5.250000000000000000e+03 1.662443155289784480e+00 -4.994925253434308043e-01 2.868253806017013972e+02 -6.555360499759953496e-01 -1.630372883465166733e+00 1.560753027400159908e+03 -1.184272316862236557e-04 1.417224498525704193e-04 1.409817918884176846e+00
5.260000000000000000e+03 1.585614152363332474e+00 -8.425823710563903335e-01 6.020762562226085493e+02 -9.093320801567953415e-01 -1.486728124423952746e+00 1.576654338774534381e+03 3.591328500549497327e-05 1.251912380752000448e-04 1.426023515507423456e+00
5.270000000000000000e+03 1.162893834743429888e+00 -1.185503370192468431e+00 1.007306226851993301e+03 -1.401142028584574373e+00 -1.072330993705120417e+00 1.513506761856079493e+03 -5.229444402887533858e-05 2.308946910078751489e-04 1.394322548320064081e+00
5.280000000000000000e+03 5.487753630992894260e-01 -1.638919486205648646e+00 1.388388441969217183e+03 -1.760153454024559139e+00 -5.773174262284144209e-01 1.377218716236641512e+03 -9.565007095393542936e-05 8.287420185147927683e-05 1.482515311043345552e+00
5.290000000000000000e+03 -2.082100851629701058e-02 -1.741990098854441671e+00 1.574345638878315867e+03 -1.894385613970197779e+00 -7.270669280375942345e-02 1.209829814235619097e+03 -1.793355607307468044e-04 8.713509428091075425e-05 1.474182663000775273e+00
5.300000000000000000e+03 -2.051052837953623587e-01 -1.728202100707777245e+00 1.595336247245013283e+03 -1.898021919492950182e+00 1.117509377435163265e-01 1.125365568458715870e+03 -1.895453972791059634e-04 1.087217932161144737e-04 1.426698161224210670e+00
5.310000000000000000e+03 -1.802230595317730055e-01 -1.732501176627827988e+00 1.472338403158015808e+03 -1.892437560665347185e+00 8.522943577689230665e-02 1.034797708140660689e+03 -1.823555652967494181e-04 1.020523851832749968e-04 1.252577866730944400e+00
5.320000000000000000e+03 -1.145555513289397975e-01 -1.760790735413859887e+00 1.317866016836461768e+03 -1.878137249434940426e+00 3.143853643801440556e-02 9.586146494095162325e+02 -1.496118962859098987e-04 6.714524594236245857e-05 1.078094411729209501e+00
5.330000000000000000e+03 -1.172154457578026415e-01 -1.771265272569709115e+00 1.257071392209905298e+03 -1.876712641640247092e+00 2.207565889892062344e-02 9.019062200083545804e+02 -1.580708651935235239e-04 5.436553440113476589e-05 1.011333022318406050e+00
5.340000000000000000e+03 -7.350821830385977085e-02 -1.765914531073451865e+00 1.241501810321574112e+03 -1.874843199558145379e+00 -1.984927369434062380e-02 9.027205410131714416e+02 -1.561785847378758304e-04 5.973300487386487388e-05 9.999999999999998890e-01
5.350000000000000000e+03 -1.134692679733181019e-02 -1.741080954715711782e+00 1.289856469383982130e+03 -1.866700200774501717e+00 -5.066246575820934628e-02 9.546923975745727375e+02 -1.261497063350678423e-04 8.613436975372800082e-05 1.040860697002103041e+00
5.360000000000000000e+03 -4.461525310851703618e-02 -1.718932550149278926e+00 1.412361201855062291e+03 -1.875707064026778559e+00 -2.904494202941142189e-02 9.982282547628686871e+02 -1.482865356718861846e-04 1.110798215892867683e-04 1.153613535172274052e+00
5.370000000000000000e+03 5.693319776551199196e-02 -1.704669504013970993e+00 1.597284000575547225e+03 -1.864678926064796016e+00 -1.104510304737348902e-01 1.119001979338522005e+03 -1.248413940961443558e-04 1.166516005722360177e-04 1.352875652439660792e+00
5.380000000000000000e+03 3.194606276009528956e-01 -1.688897655281087040e+00 1.688110835372422343e+03 -1.826794532237026925e+00 -4.125948692942075779e-01 1.255671580457704522e+03 -1.433075921751138378e-04 7.320335630560864454e-05 1.473799124113641668e+00
5.390000000000000000e+03 7.947374314129551642e-01 -1.474550947833544345e+00 1.636144871482669714e+03 -1.617127076689119036e+00 -9.553648620279199255e-01 1.350681834567552642e+03 -1.828555627247940591e-04 4.830868272694196911e-05 1.488471624043077313e+00
5.400000000000000000e+03 1.232361759264969159e+00 -1.012140309076482669e+00 1.598787186404278600e+03 -1.160733467565287613e+00 -1.460420925531783709e+00 1.338480483488940990e+03 -2.101166650980697097e-04 3.377073705994340321e-05 1.511189293822811086e+00
5.410000000000000000e+03 1.317172946787862564e+00 -4.879935809589187046e-01 1.619732744993088772e+03 -6.684119908210998107e-01 -1.740920801128164275e+00 1.269705130762558838e+03 -3.207879519404839086e-04 9.934462795725343279e-06 1.510915666172499394e+00
5.420000000000000000e+03 1.429287884885622972e+00 -2.509555277823032893e-01 1.782840189428606436e+03 -3.332444771858620314e-01 -1.831265324345989987e+00 1.249120242510646676e+03 -2.498020315146445500e-04 -4.406362220287367054e-05 1.500083780840485881e+00
5.430000000000000000e+03 1.374950328700044633e+00 -1.360914551050734222e-01 2.178865223344257629e+03 -2.510635939225778213e-01 -1.834348988425587246e+00 1.331938997265576972e+03 -2.542378325326294635e-04 -3.135612539952864074e-05 1.549155917811988470e+00
5.440000000000000000e+03 1.635611933206283064e+00 2.030972905270481965e-01 2.179129371528833417e+03 -5.822715075403325086e-02 -1.769639362879116717e+00 1.278518034735206811e+03 -9.752797759641669019e-05 8.630199014582004297e-05 1.411111841118535271e+00
5.450000000000000000e+03 1.531113406662875320e+00 6.539970388254767730e-01 2.487572989538205093e+03 6.104822438955612163e-02 -1.682850623205497165e+00 1.285763891171290425e+03 -1.325585142492348163e-04 2.162205981243517914e-04 1.425695219673638325e+00
5.460000000000000000e+03 1.649447937851528101e+00 6.418431039977601227e-01 2.611048239134907362e+03 1.141419171710166963e-01 -1.697103354529690078e+00 1.264060541480656639e+03 -7.161704477981330967e-05 1.831553787436579679e-04 1.357011053046808913e+00
5.470000000000000000e+03 1.527793516596657186e+00 3.801457708647439926e-01 3.297157731035305005e+03 4.063171079031561300e-02 -1.761876511754583818e+00 1.374629068355847494e+03 -1.140108885190672960e-04 8.319558392950413429e-05 1.493517440510635508e+00
5.480000000000000000e+03 1.647588839139026540e+00 5.264678334079405664e-01 3.274048758630049178e+03 1.288836811554246453e-01 -1.664970591851020920e+00 1.321567901311614833e+03 -3.592638562715335965e-05 1.303154523570688376e-04 1.384416961242121547e+00
5.490000000000000000e+03 1.806644541553609651e+00 8.090375989586411354e-01 3.433122601671227585e+03 2.207196703688135420e-01 -1.614207664564191180e+00 1.284621960790213279e+03 2.187699084571234843e-05 2.019323800014468035e-04 1.377648241805684792e+00
5.500000000000000000e+03 1.852681981957917223e+00 6.800332483019733143e-01 3.589569146415307841e+03 1.360940855061271992e-01 -1.635994910559603666e+00 1.307642772137667180e+03 3.330095789748105140e-05 1.817315085607485792e-04 1.366712331191680674e+00
5.510000000000000000e+03 2.187203913145097101e+00 8.527373899786262756e-02 3.948338014574133467e+03 -7.832576549663929077e-02 -1.699299070270554157e+00 1.432276622845544352e+03 1.374780846918954380e-04 7.707205530126532691e-05 1.402207651290686474e+00
5.520000000000000000e+03 1.917280450002655678e+00 -6.784955394412985896e-01 4.498170868883111325e+03 -4.692724931576043867e-01 -1.716014395780800950e+00 1.586902020733420159e+03 7.146655106870639692e-05 -5.085540604135404999e-05 1.472598365793690300e+00
5.530000000000000000e+03 1.186719326266889585e+00 -7.751489734101782991e-01 4.712989391570845328e+03 -9.625497396750535284e-01 -1.488207162298491149e+00 1.579351604205957756e+03 -9.160037003204802956e-05 3.346724077564655522e-05 1.421506930607502106e+00
5.540000000000000000e+03 9.897481899636150215e-01 -8.135609761260701456e-01 4.945529071507370645e+03 -1.301187697002284427e+00 -1.155158445540910961e+00 1.511553198852079049e+03 -6.482529136397159521e-05 1.213319735227250882e-04 1.391066776639353852e+00
5.550000000000000000e+03 5.928043547875266883e-01 -8.122262610350095002e-01 5.188317967468769893e+03 -1.593564843385663288e+00 -7.073393683802480236e-01 1.388122426505499106e+03 -5.818898779922436720e-05 2.003189527868527806e-04 1.367263675935240563e+00
5.560000000000000000e+03 3.645882785096775103e-01 -1.671756036761356423e+00 5.740799600169286350e+03 -1.718880458915317044e+00 -3.976910750260224114e-01 1.307064974402909684e+03 -1.096096308754806949e-05 8.158074286926022135e-06 1.459643512623852724e+00
5.570000000000000000e+03 -2.936340216651299184e-01 -1.886725993019538361e+00 5.866079673221740450e+03 -1.801294856444269898e+00 -1.833494413397369072e-01 1.183374108425656914e+03 -1.233197378678078861e-04 -3.849488485588387158e-05 1.452363482618215018e+00
5.580000000000000000e+03 -5.453750426035536281e-01 -1.956094095165536562e+00 5.486342319519395460e+03 -1.818324416524862430e+00 -1.011609413730696488e-01 1.064082756437665694e+03 -1.669024343086122355e-04 -5.509553027267510150e-05 1.344060379914564729e+00
5.590000000000000000e+03 -6.955160645676582432e-01 -1.735128688275840325e+00 4.626860980402596397e+03 -1.820445664756269455e+00 -6.373289701726984890e-02 9.084818413545420981e+02 -2.012734367964147072e-04 3.410599144388820600e-06 1.109406837764409293e+00
5.600000000000000000e+03 -4.994074956204208049e-01 -1.701179621736208514e+00 4.219335560216551130e+03 -1.802907028372808362e+00 -4.708716803289057784e-02 8.693619132370296256e+02 -1.459249201333488483e-04 1.245657274122419395e-05 1.000000000000000000e+00
5.610000000000000000e+03 -5.523205461293755336e-01 -1.718221454636944312e+00 4.367556345924348534e+03 -1.806620196280205759e+00 -5.706184195930108505e-02 8.765742695990343236e+02 -1.624057337542248478e-04 7.928112964481316702e-06 1.041999389638725182e+00
5.620000000000000000e+03 -7.943162321090526667e-01 -1.616098614026726832e+00 5.077349423121590917e+03 -1.825584923527897141e+00 -6.224663098922524757e-02 9.293731433500075809e+02 -2.292337036226238349e-04 3.463046745898107527e-05 1.227698783515130510e+00
5.630000000000000000e+03 -9.026980176429844072e-01 -1.535748648123117066e+00 5.899742025278215806e+03 -1.838766290498476286e+00 -1.236138303011913436e-01 1.029193383594228635e+03 -2.753979551718186260e-04 5.459800826655002322e-05 1.448794893327314037e+00
5.640000000000000000e+03 -7.673130520914858144e-01 -1.376704525381858168e+00 5.896537295863675354e+03 -1.824175815647763432e+00 -2.943757259979402630e-01 1.102270642958129429e+03 -2.856704727670222746e-04 8.915917267424861589e-05 1.452986368879071177e+00
5.650000000000000000e+03 -1.040032376669218106e+00 -1.149087555500664326e+00 5.874799633770229775e+03 -1.779517429187168931e+00 -6.102211294719109835e-01 1.145691208910471005e+03 -4.305342003724462775e-04 1.205084394420225576e-04 1.440955386964845486e+00
5.660000000000000000e+03 -6.514526316696827024e-01 -1.219828907299165266e+00 6.082012213029627674e+03 -1.568480819188052822e+00 -1.049852706621851484e+00 1.288215338813109383e+03 -4.206805503623695466e-04 4.094362599938290931e-05 1.486300793452630442e+00
5.670000000000000000e+03 -2.845116876245042392e-01 -1.048438514108064545e+00 6.216430678874638033e+03 -1.216922185079133412e+00 -1.443498127728743974e+00 1.421588105509978959e+03 -4.042416760664205733e-04 -1.105085304760267324e-05 1.509076160447704984e+00
5.680000000000000000e+03 -1.032577510930587049e-02 -4.407825785400779628e-01 6.010402394535823078e+03 -7.732279911453541210e-01 -1.656212629354746557e+00 1.420554875877577388e+03 -3.777223359020374536e-04 2.325019166772059054e-05 1.443639296048338405e+00
5.690000000000000000e+03 8.663859073922626497e-02 2.741934431015991547e-01 6.207165555155865150e+03 -4.015507775962077752e-01 -1.689947651186171740e+00 1.400131415868767135e+03 -3.586128427610885778e-04 9.651171045345618158e-05 1.454993368534662768e+00
5.700000000000000000e+03 1.138778536639915712e-01 1.358864185594117480e-01 6.218996067470319758e+03 -2.126196231691054039e-01 -1.742678363865354463e+00 1.348064865100600400e+03 -3.399074021151106558e-04 2.523521080342430224e-05 1.408565237150418703e+00
5.710000000000000000e+03 4.051148785856345524e-01 -4.357486162462240187e-01 7.179123634583420426e+03 -1.631277327169853020e-01 -1.823230915641470107e+00 1.486478087139422996e+03 -2.668678560008814560e-04 -9.241996031809254059e-05 1.541022213497726723e+00
5.720000000000000000e+03 2.314787697767808627e-01 -5.884735249242531996e-01 7.448511759876438191e+03 -1.325621732616670267e-01 -1.850888321568614270e+00 1.509727979564891029e+03 -2.892705120558047133e-04 -1.285628799613362805e-04 1.534844251929731396e+00
5.730000000000000000e+03 1.132943769129735267e+00 -3.257674045377466632e-01 7.463777300327459670e+03 -9.922761649248920679e-03 -1.811053602325581657e+00 1.468616654805261987e+03 -1.127431829241594635e-04 -7.441239150573643172e-05 1.490227771615597163e+00
5.740000000000000000e+03 8.488238950381647996e-01 -4.534135342677012570e-01 7.711201969075970737e+03 -8.244823749630549037e-02 -1.818960836391847691e+00 1.435672389909893127e+03 -1.594443959471809262e-04 -8.684092749115657878e-05 1.477788032028771292e+00
5.750000000000000000e+03 1.255929031177368760e+00 -3.801679678574104021e-02 7.141091718607056464e+03 -1.478818342069867509e-01 -1.700860755973156779e+00 1.407906627566142561e+03 -8.629754654725845051e-05 -2.016832221537284643e-06 1.333358352131737812e+00
5.760000000000000000e+03 1.052207386977381809e+00 -1.221057275277573628e-01 7.676893916789191280e+03 -2.280195873265300210e-01 -1.697737496679173397e+00 1.442527104714530651e+03 -1.147196229149213831e-04 -3.924735264477203860e-06 1.370561739545811175e+00
5.770000000000000000e+03 1.568054192654711354e+00 4.126687383168476941e-01 7.438159562186649055e+03 -2.079713577938960278e-01 -1.624829904574350836e+00 1.410465379215751909e+03 -2.520377125681322523e-05 9.122071343760783011e-05 1.285718234436608487e+00
5.780000000000000000e+03 1.195030350976992839e+00 1.201466400317792171e+00 7.671691759387512320e+03 -4.323202370570846664e-01 -1.485890836173273888e+00 1.448814121157414320e+03 -7.586551043629684689e-05 2.423597846688916452e-04 1.266299870829274310e+00
5.790000000000000000e+03 1.118274354237968504e+00 7.635620425007638712e-01 8.020131761893866496e+03 -8.407329319311588334e-01 -1.341269426620268268e+00 1.487914014334147851e+03 -5.971555223664444767e-05 2.342932506629751867e-04 1.254184417764621529e+00
5.800000000000000000e+03 4.826355693742638842e-01 -9.907426750944883231e-01 9.266982473588737776e+03 -1.242880646511325127e+00 -1.206741866922704354e+00 1.519892673284648254e+03 -1.107123867080431440e-04 2.671436787621959448e-05 1.387465649387424449e+00
5.810000000000000000e+03 -4.040384273964739981e-01 -1.146607438921152688e+00 9.423347108482472322e+03 -1.561598021598232577e+00 -8.189961851812564975e-01 1.377627432391450611e+03 -1.839582114771728667e-04 4.756017418334586641e-05 1.371982230782321066e+00
5.820000000000000000e+03 -8.571762366040495129e-01 -1.266996230099045162e+00 9.477406250207204721e+03 -1.699522147725213594e+00 -4.565328897102967076e-01 1.190434109237091661e+03 -1.978971798725439083e-04 5.368049977932773967e-05 1.365827536221234206e+00
5.830000000000000000e+03 -1.322361262787232095e+00 -1.229445430630568437e+00 9.594672693630516733e+03 -1.751845284728135832e+00 -1.898968930876575312e-01 1.063750546413417624e+03 -2.278072884959613962e-04 6.791146905303029719e-05 1.372795177111590492e+00
5.840000000000000000e+03 -1.287202932788237275e+00 -1.697123311213123209e+00 9.740556190925077317e+03 -1.753227554748763461e+00 -9.586545206272140129e-02 1.037843421580698759e+03 -2.042417167724742716e-04 -1.411597017112440917e-07 1.386403812635749633e+00
5.850000000000000000e+03 -1.349865582509969686e+00 -2.574710014924544321e+00 9.575501976553972781e+03 -1.753126039115627144e+00 -9.026661058179102914e-02 1.000752228642740420e+03 -2.044239190176626883e-04 -1.295381291591242109e-04 1.352780137608880384e+00
5.860000000000000000e+03 -1.280122892449270688e+00 -2.280626375333032474e+00 8.406829278488314230e+03 -1.744821816879701393e+00 -7.713758594192970941e-02 9.165750846562593779e+02 -1.928501679260189816e-04 -8.599049777009205343e-05 1.172181024126853544e+00
5.870000000000000000e+03 -7.413554517765119645e-01 -2.077559018690449566e+00 7.106820090677309054e+03 -1.718283507278349331e+00 -8.047722195903055098e-02 8.562420255459653617e+02 -1.156227766553755219e-04 -5.630711280605814296e-05 9.804628587336908785e-01
5.880000000000000000e+03 -5.249645583907703861e-01 -2.052076214930231846e+00 6.760053030322843370e+03 -1.707655168472204332e+00 -8.308921939332121476e-02 8.397461316078149594e+02 -8.444813085046678916e-05 -5.260008655471379963e-05 9.292014342926435688e-01
5.890000000000000000e+03 -6.600494236849496765e-02 -1.955163958666858992e+00 7.258710373153850014e+03 -1.688907338421395510e+00 -7.282040634906861154e-02 9.025289335589737902e+02 -1.651458433073428603e-05 -3.844537041369698415e-05 1.000000000000000000e+00
5.900000000000000000e+03 -2.256756737023826731e-01 -1.692491282878110237e+00 8.653287919069098280e+03 -1.697342686597061112e+00 -8.868464618909158159e-02 9.816653746221916208e+02 -4.386623010968799413e-05 -4.054178759148880230e-07 1.201722901665436716e+00
5.910000000000000000e+03 -9.769687368574420105e-02 -1.465812976558857006e+00 9.990839074503341180e+03 -1.688929340556110104e+00 -1.678828221904619111e-01 1.082968733966913078e+03 -3.845455499877095483e-05 3.154063059677670005e-05 1.399225580149942694e+00
5.920000000000000000e+03 -2.905566329740709719e-01 -1.376348141562458105e+00 9.988339548082771216e+03 -1.664128360158498854e+00 -4.291447753712335222e-01 1.143957661894461353e+03 -1.046291916423924704e-04 3.732693644392864136e-05 1.408495651050406305e+00
5.930000000000000000e+03 -6.629874004858075098e-01 -1.438630198920455960e+00 9.900662511851278396e+03 -1.520537675903550490e+00 -8.817249349659950219e-01 1.205035080031855841e+03 -2.201714075975336226e-04 9.032129779753584903e-07 1.409805724888208989e+00
5.940000000000000000e+03 -1.363850257787072862e-01 -1.391119155848162592e+00 9.933905106535172308e+03 -1.269585273728916830e+00 -1.209744918407607006e+00 1.278177451870563118e+03 -1.865565651379308583e-04 -2.758302391905040530e-05 1.417487484522014007e+00
5.950000000000000000e+03 -6.431642175239149495e-01 -1.579622612721929720e+00 1.029275229684454825e+04 -9.867757063526649830e-01 -1.501661508355799590e+00 1.281248749655157553e+03 -2.889567024312353458e-04 -9.926086134108577197e-05 1.464994671156684802e+00
5.960000000000000000e+03 2.642819101278577332e-01 -7.804510125241062024e-01 1.003022122223414408e+04 -4.878364727579045379e-01 -1.669089270568034244e+00 1.237647929339162602e+03 -1.847131686213529967e-04 -5.001255703857075512e-05 1.426841370032348122e+00
5.970000000000000000e+03 -3.461044546977754544e-01 3.850086791501342032e-02 1.008240337783049654e+04 -2.092853741051724781e-01 -1.680009385808646893e+00 1.162630127749331450e+03 -2.672438000590552634e-04 1.897441438818332510e-05 1.411523446485216660e+00
5.980000000000000000e+03 6.132920931272359821e-01 -4.150253931695808141e-01 9.999966442145245310e+03 -5.624735843846002947e-02 -1.719219407190425652e+00 1.133320832324985531e+03 -1.353734132891008519e-04 -5.089709807351271435e-05 1.374084009491834957e+00
5.990000000000000000e+03 1.159661682056693177e+00 -1.087637427620530728e+00 1.120404040247781631e+04 -5.714672653722305262e-02 -1.767424339546582068e+00 1.256043544175287934e+03 -6.093817758609944274e-05 -1.296360090879684185e-04 1.492843495996680314e+00
6.000000000000000000e+03 8.396194775518671660e-01 -8.335191925461763462e-01 1.096197497670011944e+04 -5.928566815596822415e-02 -1.751208892923476590e+00 1.239164044079871928e+03 -9.751480550589377238e-05 -9.587100689218208747e-05 1.421429995776661848e+00
6.010000000000000000e+03 1.223720782604624135e+00 6.391801275863531751e-02 1.135857223688928570e+04 5.509290202386048219e-02 -1.689780901582961237e+00 1.252517642729045519e+03 -4.761054860947790758e-05 6.141131983901632725e-06 1.438281562232022415e+00
6.020000000000000000e+03 8.363167060689601362e-01 1.529515986534463190e-01 1.130047799736046909e+04 1.562332306444943510e-02 -1.683268096593514729e+00 1.262513773255143178e+03 -9.073674159732302686e-05 1.892113820542344488e-05 1.393316499089912286e+00
6.030000000000000000e+03 5.528165245415993523e-01 1.883968252112619701e-01 1.281103851440250583e+04 -6.828267420420414124e-02 -1.850620576873475365e+00 1.473459793811365898e+03 -1.418273591245441446e-04 3.584067578023619554e-06 1.529428124829461888e+00
6.040000000000000000e+03 9.575091183974641096e-01 1.849841206291706064e-01 1.256538005917226656e+04 -5.743632657568804173e-02 -1.850263105598558333e+00 1.470151160909017790e+03 -9.422443496965351431e-05 7.745624872296052012e-06 1.469187536923008519e+00
6.050000000000000000e+03 2.611752788737712994e+00 3.870239442328337609e-01 1.272555565838202710e+04 -6.805961444598672416e-02 -1.816701627169942990e+00 1.461738803362384260e+03 8.777755399615855530e-05 4.639279886502340724e-05 1.454428828680238039e+00
6.060000000000000000e+03 1.992593591586915291e+00 6.067701412246049308e-01 1.292764859279783559e+04 -5.147840496676913125e-01 -1.697966722504053783e+00 1.477174800490918415e+03 2.581953713018751413e-05 1.138393470540592162e-04 1.434209744614792559e+00
6.070000000000000000e+03 1.287257614652755011e+00 1.068536761932680657e+00 1.269609052289049214e+04 -1.054935804586303316e+00 -1.396838568963589822e+00 1.457112824909971778e+03 -2.425156975816481717e-05 2.159550572768872685e-04 1.358643515374864608e+00
6.080000000000000000e+03 8.291478869323687384e-01 -3.384357300164075877e-01 1.400024782025315290e+04 -1.516301155076695828e+00 -9.830518296437773529e-01 1.400391019536392605e+03 -2.317347049438667228e-05 1.176308218267889237e-04 1.445573720847426413e+00
6.090000000000000000e+03 -8.590772345094067619e-01 -3.796104995652127556e-01 1.453505149827985588e+04 -1.765676819530993757e+00 -5.841444316412580662e-01 1.266146503521152226e+03 -1.560893234540161102e-04 1.348380581593633918e-04 1.473804981084495980e+00
6.100000000000000000e+03 -1.070384669825623636e+00 1.433619175408316730e-02 1.422601477130809508e+04 -1.836717262554774299e+00 -2.837827460933110557e-01 1.165566927147920069e+03 -1.484486164865542418e-04 1.839335558247263080e-04 1.428734028040775428e+00
6.110000000000000000e+03 -1.306977842469640327e+00 -1.989904540742669203e+00 1.501218693468280617e+04 -1.861446915036774952e+00 -1.198653390075242742e-01 1.107283894509204401e+03 -1.473498992619638184e-04 -1.850664996964903082e-05 1.495651620516956548e+00
6.120000000000000000e+03 -2.563632835026035117e+00 -2.024764651840995633e+00 1.500716141016687470e+04 -1.890775249575421313e+00 -6.006407554251857149e-03 1.011362578911114610e+03 -2.613082059782243036e-04 -2.129339103899056355e-05 1.479172358241241936e+00
6.130000000000000000e+03 -1.937365491050439648e+00 -1.367628142766645682e+00 1.258054541109864840e+04 -1.871443304012819775e+00 1.380876959413867427e-02 9.370333782213268705e+02 -1.969119940430819505e-04 4.534422139662801861e-05 1.228600694508904079e+00
6.140000000000000000e+03 -1.441550177098850583e+00 -1.501423356863995640e+00 1.075161532455250381e+04 -1.850649952299909806e+00 1.301842080658486070e-02 8.582137088039285118e+02 -1.464662746252163293e-04 3.180649396820059904e-05 1.043964720950645964e+00
6.150000000000000000e+03 -6.301661575124720693e-01 -1.598411227659587208e+00 1.031603707805689191e+04 -1.830864813125112400e+00 1.448433303533523328e-02 8.772210384963652814e+02 -6.387861208668742003e-05 2.198292955089935151e-05 1.000000000000000000e+00
6.160000000000000000e+03 -6.272618768180490134e-01 -1.404482163151508534e+00 1.150887241326832918e+04 -1.832244967075385533e+00 1.865883618858178716e-02 9.265524441249480105e+02 -6.377850821136121675e-05 4.162921971074570835e-05 1.120595459640497893e+00
6.170000000000000000e+03 -1.027531640456411877e+00 -1.096487872517390549e+00 1.439289140607133049e+04 -1.849387204945911023e+00 7.231653936980687696e-03 1.048863832731897219e+03 -1.065820260027282811e-04 7.281498116320864742e-05 1.413254479757364512e+00
6.180000000000000000e+03 -1.210876571332144103e+00 -1.109439843961583350e+00 1.522366854178122594e+04 -1.858680230469629935e+00 -5.442379726398259565e-02 1.107891196630676177e+03 -1.313982445410059527e-04 7.130668559889965824e-05 1.499382052678042587e+00
6.190000000000000000e+03 -2.103505197341115629e+00 -1.022542220694658832e+00 1.524835115240294544e+04 -1.865332564400677962e+00 -3.275676589486156698e-01 1.155667488356277318e+03 -2.483636632798575045e-04 7.649752326196084310e-05 1.505709319220165154e+00
6.200000000000000000e+03 -3.045349452655923272e+00 -6.137434625706378322e-01 1.516093880856361284e+04 -1.741189079300839548e+00 -8.366589446712854317e-01 1.260911254524022070e+03 -3.896334037496083599e-04 9.830476168195199352e-05 1.497925944658706099e+00
6.210000000000000000e+03 -3.252945058955265090e+00 -8.247974386665755109e-01 1.538714043246422079e+04 -1.456907923223221824e+00 -1.300643549691703926e+00 1.366303260178163100e+03 -4.455605363137499848e-04 4.471663761397448741e-05 1.515338244605874962e+00
6.220000000000000000e+03 -3.457180070103107461e+00 -8.709325388395390277e-01 1.576316445891524017e+04 -1.078062142707060467e+00 -1.643031812350755683e+00 1.457116234977665044e+03 -4.881255351948182112e-04 -7.827092313206657779e-07 1.545785353797736628e+00
6.230000000000000000e+03 -2.426191956779786274e+00 -1.929590477504360413e-01 1.520427447738733463e+04 -6.303621590636701022e-01 -1.786181524094925477e+00 1.438998433577464311e+03 -3.980799242764467959e-04 2.549000504112382422e-05 1.483670999298614790e+00
6.240000000000000000e+03 -2.393811245071721494e+00 3.385239729767233752e-01 1.578198629406599321e+04 -2.855482822027304302e-01 -1.817993922567334275e+00 1.396630869465774822e+03 -3.936786830144086563e-04 4.451840408830877666e-05 1.521538445950841201e+00
6.250000000000000000e+03 -1.103708417068888892e+00 5.031483658778982404e-01 1.527394797039515106e+04 -1.210872335506735786e-01 -1.814352778414227263e+00 1.357086487907518631e+03 -2.697363819157539799e-04 5.229553753583187237e-05 1.453672926754122408e+00
6.260000000000000000e+03 1.206108810115295860e-01 -4.530284937946894158e-02 1.654504951293036720e+04 -1.333216960423812270e-01 -1.841871806479425500e+00 1.453333070151710899e+03 -1.542322391396068763e-04 1.161645802047700602e-05 1.539787064705850472e+00
6.270000000000000000e+03 -7.709240752498858207e-02 -4.725139204445317348e-02 1.618324217054977089e+04 -1.047789521836911125e-01 -1.844140286991695410e+00 1.413381267842334410e+03 -1.695230123083182471e-04 9.862241685814626007e-06 1.480472116520620718e+00
6.280000000000000000e+03 2.933742911159376021e-01 1.603392653941629442e+00 1.604046946143244168e+04 -4.861353331194324945e-02 -1.750160255034684420e+00 1.393954989610799657e+03 -1.347622676684060437e-04 1.522406094653385952e-04 1.441086635164503305e+00
6.290000000000000000e+03 -4.089233493614716775e-01 6.580684447054266917e-01 1.519414539979030269e+04 -7.133931561799770893e-02 -1.571696027321574762e+00 1.246225069004057559e+03 -1.740688517923820856e-04 4.955224026579775208e-05 1.345227187752335851e+00
6.300000000000000000e+03 2.009680801166983943e-02 1.319253780576697677e-01 1.597211151493520265e+04 -9.885411600458170189e-02 -1.598465724076692185e+00 1.319557419656782713e+03 -1.348335520150007415e-04 9.016760327000588248e-06 1.384865233720573574e+00
6.310000000000000000e+03 -4.620292492034632770e-01 -8.114420651256222250e-01 1.671023936807372957e+04 -1.341266440750144284e-01 -1.650495184084836087e+00 1.352736604228450460e+03 -1.723214565479804839e-04 -6.796002670023518265e-05 1.422732807928642096e+00
6.320000000000000000e+03 9.045986243553834072e-01 -7.287456515640049481e-01 1.629809958810324679e+04 -1.184811636570426291e-01 -1.640740407626958053e+00 1.351531524933841638e+03 -5.839359606561781129e-05 -5.492685538747483663e-05 1.367093504984534968e+00
6.330000000000000000e+03 4.812949912239404271e-01 4.311433270686273467e-01 1.662421988200445412e+04 -3.743880182228122577e-01 -1.534338248920320114e+00 1.418672578417381828e+03 -8.911185111657479556e-05 5.811858665807188178e-05 1.365827872355415140e+00
6.340000000000000000e+03 7.276711517653090822e-02 7.774591955868056514e-01 1.653922607954920022e+04 -8.829680144951738141e-01 -1.301608756859304661e+00 1.452979582652610134e+03 -1.049180570597656452e-04 1.249177164576120388e-04 1.322956547383838721e+00
6.350000000000000000e+03 -2.086800389105936571e+00 -1.141406172781443962e+00 1.812536205296043772e+04 -1.408578215100372288e+00 -9.544326987601228218e-01 1.382154788496689889e+03 -2.394517786660669092e-04 1.129716213782135451e-05 1.413623795610254863e+00
6.360000000000000000e+03 -2.566113390103699210e+00 -7.012387437566958148e-01 1.814817582172376206e+04 -1.622143888217273178e+00 -4.963731965953567804e-01 1.237834414336154623e+03 -2.428393286650840370e-04 6.420786495465930540e-05 1.400503262101309376e+00
6.370000000000000000e+03 -3.158260740262409438e+00 -2.212329548541244195e-01 1.791862281504252314e+04 -1.690641533806565677e+00 -2.200323598437935180e-01 1.133599192697791295e+03 -2.685688311533330694e-04 1.071409489099019288e-04 1.374674252039052247e+00
6.380000000000000000e+03 -3.634742523739588282e+00 -2.267166568612936306e+00 1.890643126946064149e+04 -1.716880714701286115e+00 -8.286918687561622976e-02 1.101503737312984413e+03 -2.892328848458422118e-04 -5.075041710374573480e-05 1.444874736973363882e+00
6.390000000000000000e+03 -3.857745049846549978e+00 -1.596834559894725336e+00 1.787493448052295571e+04 -1.723656952739751169e+00 -3.229643118336268659e-02 1.057739360206364609e+03 -3.030653770032062542e-04 1.549119226004113393e-06 1.358146271691403451e+00
6.400000000000000000e+03 -2.547105571185694917e+00 -1.371748181818390089e+00 1.480739528176267777e+04 -1.687710979111273435e+00 -2.914309093391084099e-02 9.950040525793809820e+02 -2.015428836662157513e-04 1.900126220714995395e-05 1.119325335487800999e+00
6.410000000000000000e+03 -1.559137900111047692e+00 -1.433943060970222838e+00 1.327205525399737053e+04 -1.656413572421125302e+00 -1.913005402361758756e-02 9.613830556271287833e+02 -1.239590732497310253e-04 1.420166790084540065e-05 1.000000000000000000e+00
6.420000000000000000e+03 -1.945953557333154560e+00 -1.473139129682902837e+00 1.454174814831250296e+04 -1.668160036570091043e+00 -1.880670335136002541e-02 9.928863985424168277e+02 -1.539201520967824243e-04 1.117219777662585224e-05 1.099075311975228786e+00
6.430000000000000000e+03 -3.045833177855153284e+00 -1.546996240320432259e+00 1.767898806448957112e+04 -1.702675812277808065e+00 -4.658104188063155737e-02 1.085027829663370312e+03 -2.415026994005318669e-04 5.387762385805261234e-06 1.344441161204366741e+00
6.440000000000000000e+03 -2.597695687907718654e+00 -1.259707073809383404e+00 1.878567578628523552e+04 -1.688702795335479401e+00 -1.116740299626782229e-01 1.158273230033681784e+03 -2.125804267151775167e-04 2.735458256453387774e-05 1.432435853459443464e+00
6.450000000000000000e+03 -3.032984976141921862e+00 -1.316199203304749821e+00 1.862282892574015932e+04 -1.663090035596866079e+00 -4.323286273754058939e-01 1.240914406076834666e+03 -2.702871313872588430e-04 1.821032706383171983e-05 1.423743073883992905e+00
6.460000000000000000e+03 -2.725687080200433154e+00 -1.152709236971960260e+00 1.851504325914752917e+04 -1.487104574859856809e+00 -8.627345855544278352e-01 1.359722929720772754e+03 -2.769993674519362239e-04 1.521422340667263093e-05 1.415298115299952864e+00
6.470000000000000000e+03 -3.266858881071338150e+00 -2.087956329054868387e+00 1.919632865650444728e+04 -1.199529015034874968e+00 -1.297350193057759782e+00 1.448628629327237832e+03 -3.426651367161995861e-04 -8.190378459190489184e-05 1.462859412583652929e+00
6.480000000000000000e+03 -3.440112778432666385e+00 -1.721351195237440512e+00 1.904651453097543344e+04 -8.348618822642243087e-01 -1.543245817520198404e+00 1.473193579045409706e+03 -3.687723149134724816e-04 -8.397495435292084704e-05 1.445542219420625107e+00
6.490000000000000000e+03 -2.188605680196747727e+00 -7.478363173794400076e-01 1.907484472454115530e+04 -4.290728788841192132e-01 -1.612270378343803934e+00 1.437230359765364938e+03 -2.787546622214055682e-04 -3.742037307843425263e-05 1.437834253205932944e+00
6.500000000000000000e+03 -2.613266832926272265e+00 -9.165156395347920371e-02 1.888878458174308253e+04 -2.457774307933795754e-01 -1.607959778425378516e+00 1.391872374033492406e+03 -3.066948751503425358e-04 -4.243422024251665512e-06 1.407202790584318297e+00
6.510000000000000000e+03 -1.396948922551360939e+00 -1.398237655383553157e+00 1.965303993098534556e+04 -1.323677966485760915e-01 -1.676690512764225316e+00 1.398506834181000386e+03 -2.148050139459570338e-04 -1.007676877347724032e-04 1.440792645570218689e+00
6.520000000000000000e+03 -1.739998451598352869e+00 -2.019862611878483261e+00 2.056175421257709968e+04 -1.880530321237782743e-01 -1.702295716095752587e+00 1.420866569156276455e+03 -2.351293683701640618e-04 -1.393201272007340370e-04 1.479426310325576699e+00
6.530000000000000000e+03 1.186881270035274466e-01 -3.876499952440643493e-01 1.965920827663361706e+04 -5.935436419750567821e-02 -1.622587809158680283e+00 1.333530759487833848e+03 -1.028655233099839137e-04 -2.633956513852382100e-05 1.395451149994121121e+00
6.540000000000000000e+03 -1.486984801700770964e+00 6.929436993817681412e-01 2.143531996461686140e+04 -1.004295923402180601e-01 -1.697308344124773161e+00 1.327934912752438322e+03 -2.150922999940165870e-04 4.423310165562895058e-05 1.509207731933506880e+00
6.550000000000000000e+03 3.226688621227156994e-02 2.072884576065352202e-01 2.115901631720021396e+04 -1.335784000138729236e-02 -1.717578585664873758e+00 1.285263250987952688e+03 -1.098393195549741329e-04 9.650385622261869242e-06 1.469963621621237282e+00
6.560000000000000000e+03 -8.771848428061663761e-01 -9.203526115568095856e-01 2.251908922072406858e+04 -4.086834446346113842e-02 -1.761257432751696328e+00 1.297066834245992368e+03 -1.695411194570356213e-04 -6.565636635184002800e-05 1.538094274107965287e+00
6.570000000000000000e+03 5.624535161413751760e-01 -2.725150662895000075e-01 2.158485826545739474e+04 1.161523698431832646e-01 -1.731515055389590163e+00 1.179094281937000687e+03 -7.285902200478795374e-05 -2.816159964602066724e-05 1.458124216255135552e+00
6.580000000000000000e+03 -6.453751270539781482e-01 5.111201941233489698e-01 2.215777176746437181e+04 2.296525848402691528e-01 -1.686761262883039514e+00 1.132664438484330503e+03 -1.496045196732973545e-04 1.350488243255360790e-05 1.477484924900879903e+00
6.590000000000000000e+03 -8.686033768595409210e-01 4.459324657460399521e-01 2.129642571639413654e+04 4.903495815011084114e-01 -1.626688411486660213e+00 1.036949729577753942e+03 -1.583436362638010843e-04 -7.584668189581343384e-06 1.408164554140380886e+00
6.600000000000000000e+03 -2.082923006327493720e+00 -2.890008636084383520e-01 2.293700942337858942e+04 8.469729917642078165e-01 -1.464735286180476992e+00 1.013280063981780927e+03 -2.216724856976851564e-04 -7.968141654482547242e-05 1.501690355563254142e+00
6.610000000000000000e+03 -1.283471743562730083e+00 3.823471893243148290e-01 2.230733989598836706e+04 1.367984573612557986e+00 -9.619868931451991401e-01 7.690356797370205868e+02 -1.398613541825837554e-04 -6.672362044193871585e-05 1.456545615690618245e+00
6.620000000000000000e+03 -2.232905182499601793e+00 3.146767719146870146e+00 2.160177482715094811e+04 1.579840219809015567e+00 -2.702413282252523197e-01 5.300231013853336890e+02 -1.641521630311880333e-04 9.401091907131150398e-05 1.405699324462837296e+00
6.630000000000000000e+03 -3.047461947901363155e-01 2.120588071384304385e+00 2.211126042719435281e+04 1.714352917785492592e+00 2.986946841110299858e-02 3.539205567895037348e+02 -1.965506916758302520e-05 2.662240811773587847e-05 1.433130953041130029e+00
6.640000000000000000e+03 2.340326314382625283e-01 2.736809941846296113e+00 2.143126970194600290e+04 1.736223551473571547e+00 1.413686733611703716e-01 2.720016551811187924e+02 2.027278298631934075e-05 6.621214947638519028e-05 1.391471216278632239e+00
6.650000000000000000e+03 4.894212600833660609e-01 2.197732417396374593e+00 1.808026490725707481e+04 1.745820984572524548e+00 1.311085156556886233e-01 1.272877657251198684e+02 3.726688929245862712e-05 3.187048239113408215e-05 1.177237354575039863e+00
6.660000000000000000e+03 1.050768695868053104e+00 1.884266842344016979e+00 1.531976723020221107e+04 1.766552922101130019e+00 1.423571654424517774e-01 1.762010505597937093e-01 7.447577838175143642e-05 1.194390902831888529e-05 1.000000000000000444e+00
6.670000000000000000e+03 4.240062900182288708e-01 1.289543489279459942e+00 1.701566113925313039e+04 1.740954449487130518e+00 1.652981783066680421e-01 8.490300996817109080e+01 3.731743138666998577e-05 -2.573549847047256739e-05 1.104821423600488073e+00
6.680000000000000000e+03 -1.016469334641309397e+00 1.648589987423860315e+00 2.111777403155881984e+04 1.677225313054671929e+00 2.399046574997925063e-01 2.734291101161142024e+02 -5.054342780190064163e-05 -2.512786882209635104e-06 1.363889915971702838e+00
6.690000000000000000e+03 -3.279832596400008793e+00 3.053489478218000652e+00 2.223552767094997762e+04 1.561586463609506259e+00 4.333471739978130843e-01 3.286353810018991339e+02 -1.863886229663451271e-04 8.841346411488687127e-05 1.434978972479737935e+00
6.700000000000000000e+03 -5.743672813725517301e+00 2.100784813294256370e+00 2.279581454496483275e+04 1.344473518292522485e+00 7.674743402237685919e-01 3.077608798752190182e+02 -3.215565444363628774e-04 3.600642023970089431e-05 1.468832056750435378e+00
6.710000000000000000e+03 -3.932167277369534197e+00 1.336795608864246754e+00 2.296863862260460519e+04 1.231666280064574348e+00 1.083722244152607761e+00 1.879927947444069787e+02 -1.855877298906047129e-04 1.100292492618761540e-06 1.481969134712698644e+00
6.720000000000000000e+03 -4.744004022827216893e+00 3.867395116155969426e-01 2.327634605995724633e+04 8.455842572312025629e-01 1.409429643836172641e+00 1.489395869223020554e+02 -2.181492072012629845e-04 -3.602767732628406176e-05 1.503468619064407763e+00
6.730000000000000000e+03 -3.808518949178625324e+00 1.481238096400255166e+00 2.190692646723072176e+04 5.472628083878021688e-01 1.634309190335181627e+00 9.913803809896755581e+01 -1.476558540371626399e-04 5.827503166829681001e-05 1.419666151991334724e+00
6.740000000000000000e+03 -4.709659638661854331e+00 2.509050197708779351e+00 2.205790605181197679e+04 1.975406140659760890e-01 1.769281348932896680e+00 1.927798280386772944e+02 -2.045580418875518874e-04 1.488919207815273405e-04 1.441620133806982729e+00
6.750000000000000000e+03 -4.947830768248019595e+00 2.148003542047952852e+00 2.101196800377960244e+04 1.634707793232577366e-02 1.784754606567321877e+00 2.090171099407539259e+02 -2.226930969011543273e-04 1.382676910348847195e-04 1.387121724190235161e+00
6.760000000000000000e+03 -4.910867311632378218e+00 1.307666817134346404e+00 2.256743444213580733e+04 -1.307266485125134796e-03 1.757865370835882679e+00 2.617589145500170389e+02 -2.243228560355286204e-04 8.463650893946491997e-05 1.515297971495445539e+00
6.770000000000000000e+03 -5.082791296344160159e+00 5.902370463615177476e-01 2.170379126042998178e+04 -7.603289491281531309e-02 1.740558710334498160e+00 2.895236207845783269e+02 -2.401312464329714228e-04 4.049893055298383487e-05 1.476214453080679556e+00
6.780000000000000000e+03 -4.223804318497221821e+00 2.140674871560901860e+00 2.144212043510117292e+04 -1.250347560399414637e-01 1.800859298523365126e+00 3.258741465439675267e+02 -1.838261706911919460e-04 1.560922110109985055e-04 1.478345380920677021e+00
6.790000000000000000e+03 -4.156827384916298662e+00 2.016212601618569078e+00 2.043218733872244411e+04 -1.743066666872778725e-01 1.802695993118310414e+00 3.522373078935772241e+02 -1.826772889191392770e-04 1.528505050502446290e-04 1.427384402983634892e+00
6.800000000000000000e+03 -4.066164466459906812e+00 1.002739159398894353e+00 2.117487771485762642e+04 -1.888665190097575108e-01 1.792975438980638048e+00 5.033021211351855868e+02 -1.689319170327534573e-04 7.649142205764597685e-05 1.493574553157783980e+00
6.810000000000000000e+03 -3.679804022731354873e+00 5.809938083340951964e-01 1.987364746715302681e+04 -2.809855671967407820e-01 1.773962419801107027e+00 5.308938609963790896e+02 -1.439489479280193075e-04 5.496173710249741782e-05 1.421230743583856704e+00
6.820000000000000000e+03 -3.491558940593459948e+00 2.381525909433506616e+00 1.957392920957086972e+04 -4.277587758159730469e-01 1.849744009237686670e+00 5.985851753766223737e+02 -1.340368086622714249e-04 2.027033041650029316e-04 1.420121325984597282e+00
6.830000000000000000e+03 -4.326260793107538305e+00 1.391129390247477060e+00 1.894000167589801640e+04 -6.089042976562627496e-01 1.774835872277557680e+00 6.244004317674476852e+02 -2.025778986207276160e-04 1.416533848833240715e-04 1.394165165978355825e+00
6.840000000000000000e+03 -2.984411148200475594e+00 5.031021801847960218e-01 1.939402479097547257e+04 -8.434827289607331746e-01 1.621738960679871333e+00 7.000905194270876564e+02 -1.105242403006587669e-04 9.824596411749846134e-05 1.441345447318832962e+00
6.850000000000000000e+03 -2.967249420888041556e+00 -1.440396350180282337e+00 1.965755681407953671e+04 -1.251920484051679106e+00 1.274874123180246954e+00 8.580359684986965476e+02 -1.314945086007516953e-04 -2.075396999470723275e-05 1.471600253442214568e+00
6.860000000000000000e+03 -2.149023376580949218e+00 -2.097820156994693597e-01 1.886305778111935797e+04 -1.591147986816647819e+00 8.861735563085443301e-01 1.045223778009219359e+03 -1.035581536206907940e-04 1.023620942305744814e-04 1.418701167686096554e+00
6.870000000000000000e+03 -2.461394621751312961e+00 7.591925376291138727e-01 1.855037322874384699e+04 -1.803359042834725701e+00 4.713463617620988200e-01 1.250561268195685443e+03 -1.647354906693352956e-04 1.915720095656621067e-04 1.406184427986957308e+00
6.880000000000000000e+03 -1.528185289506479583e+00 -1.945244165549009085e-01 1.891552272817515041e+04 -1.818114638615780487e+00 1.586141441104766681e-01 1.433154999447596310e+03 -1.134570724185280104e-04 1.198323373118406640e-04 1.442118750714088460e+00
6.890000000000000000e+03 -9.143709880595710660e-01 -1.021459932504247936e+00 1.929820049798245964e+04 -1.798741843248120809e+00 3.974039807937977675e-02 1.536517674157165857e+03 -7.181608465657630968e-05 5.537386566871827436e-05 1.475201618624322863e+00
6.900000000000000000e+03 -4.097653775207558691e-01 -3.930786391075978825e-01 1.833121506831503939e+04 -1.777470923873600395e+00 -1.258148624154354885e-03 1.551025249456022493e+03 -3.846129992015959989e-05 1.046162490064777119e-04 1.404996219673284141e+00
6.910000000000000000e+03 -1.313541747063243337e+00 -1.067339254538646642e+00 1.545508339678951597e+04 -1.822320190698345499e+00 -6.757657399703706491e-02 1.364166895645152408e+03 -1.118536343882329322e-04 5.173413300842882504e-05 1.183041344460778355e+00
6.920000000000000000e+03 -4.595464308138126897e-01 -1.085640790305478998e+00 1.310956554407663680e+04 -1.777985035463125474e+00 -9.227473913741354727e-02 1.256565912109655301e+03 -4.667031548615687119e-05 5.019005090012109875e-05 1.000000000000000000e+00
6.930000000000000000e+03 -7.519310227084592402e-01 -9.902268204415812791e-01 1.365485625531957703e+04 -1.792004393518608074e+00 -7.739732165638368855e-02 1.266819145427085232e+03 -6.883315095565373525e-05 5.775006834839854970e-05 1.042511522331873053e+00
6.940000000000000000e+03 -1.592116417972109232e+00 -8.718410776027649689e-01 1.723590421030365906e+04 -1.834951178533686944e+00 -7.122032791178256605e-02 1.446456225472461938e+03 -1.347808921625752421e-04 6.702893671108681184e-05 1.323374339316875981e+00
6.950000000000000000e+03 -2.020336444519334584e+00 -1.033610369984741206e+00 1.939058242492718637e+04 -1.857242181896038291e+00 -5.371260289156926104e-02 1.550843453490718048e+03 -1.663474588995350286e-04 5.442971174117305487e-05 1.491496657058525077e+00
6.960000000000000000e+03 -2.386435400765508419e+00 -1.482821325995704154e+00 1.959015506633733094e+04 -1.865661665947298209e+00 1.015273695640609292e-01 1.504107349249396520e+03 -1.814810038720600816e-04 1.925230343112383256e-05 1.504541562052602366e+00
6.970000000000000000e+03 -4.357527093522739037e+00 -1.130645509006329430e+00 1.947666565483441445e+04 -1.841726547405620806e+00 5.642199893844941361e-01 1.264467060354158093e+03 -3.029327461044445629e-04 4.090876736636420635e-05 1.493309201605108605e+00
6.980000000000000000e+03 -5.360199285224897636e+00 -6.716922877793649604e-01 1.912461249613865220e+04 -1.656864815375233224e+00 9.848289128784877278e-01 1.014075399432357472e+03 -3.545340021489069653e-04 6.303763773013809310e-05 1.477078365140691796e+00
6.990000000000000000e+03 -4.902814693753944297e+00 3.533757163330432660e-01 1.838364580762870537e+04 -1.379172863797721638e+00 1.322667119145584103e+00 8.440982352219313043e+02 -2.990662943616844544e-04 1.280312953256600801e-04 1.437506160033227731e+00
7.000000000000000000e+03 -5.430875904524548048e+00 6.171052182689691357e-01 1.797100752653038580e+04 -9.828707773197145059e-01 1.619163649126483362e+00 6.596817942143782147e+02 -3.244554997118000660e-04 1.195268998802116950e-04 1.433916342690719326e+00
7.010000000000000000e+03 -5.571898460995613256e+00 1.662772146858194355e-01 1.770593026433403065e+04 -6.372100451076480043e-01 1.722682127582925160e+00 5.639372191063202990e+02 -3.326872154836209316e-04 5.523970745504446785e-05 1.450899921179138463e+00
7.020000000000000000e+03 -6.609214701294535921e+00 6.479322549834466427e-01 1.743460008969932096e+04 -4.063980016152901609e-01 1.786116120307931876e+00 4.902983990286871858e+02 -4.261669584938901725e-04 7.446751043004316622e-05 1.467524511755146310e+00
7.030000000000000000e+03 -4.256636138554049431e+00 1.924315331600851664e+00 1.613054990978750902e+04 -3.072315688218401064e-01 1.860882452122412101e+00 4.671632461176157562e+02 -2.258922660611224591e-04 1.911538126193760906e-04 1.377387372718315461e+00
7.040000000000000000e+03 -4.640731589512332889e+00 2.125238692164800547e+00 1.615147003076025976e+04 -3.320067724608108395e-01 1.882839091634723516e+00 5.219389371185870914e+02 -2.655622066261839934e-04 2.135429974707323908e-04 1.408784351101291410e+00
7.050000000000000000e+03 -3.222438614301820881e+00 8.249562631462425966e-01 1.570327783872373038e+04 -1.807459396196116896e-01 1.679365631537043324e+00 5.266896906193990162e+02 -1.546496835169905416e-04 7.826111663398341105e-05 1.410866913530239186e+00
7.060000000000000000e+03 -2.917236149728831940e+00 5.760784047985282319e-01 1.563014217540392383e+04 -9.894863109313163652e-02 1.664120731508054396e+00 5.210614503000505238e+02 -1.273101568290678520e-04 5.173189940598395796e-05 1.430283135299946107e+00
7.070000000000000000e+03 -1.712519945909246388e+00 1.202878692448742903e+00 1.430240046317651104e+04 -1.138232057394362590e-01 1.707986874657016152e+00 4.840720355245582027e+02 -1.248272701565914092e-05 1.225408193584347813e-04 1.323304983406420110e+00
7.080000000000000000e+03 -2.116931740499693682e+00 1.326317660818760569e+00 1.412818726269043145e+04 -2.213712583269783485e-01 1.720186537416928951e+00 5.370199851371237401e+02 -5.166159010781713604e-05 1.462342932000534521e-04 1.328541221479931700e+00
7.090000000000000000e+03 -2.228142409145770664e+00 9.166724106324591892e-01 1.336618482053666048e+04 -3.396675100735789821e-01 1.679764724633247441e+00 5.023604421383404883e+02 -6.410046203395540617e-05 1.205995022045738813e-04 1.275452080604280392e+00
7.100000000000000000e+03 -1.757135231149128174e+00 -7.697071155426152833e-01 1.407084152109154093e+04 -6.254112525372328424e-01 1.498857642945776725e+00 6.374921145728350211e+02 -2.560479729851851481e-05 -1.605281341210684369e-05 1.361545834712146963e+00
7.110000000000000000e+03 -1.580375194333670352e+00 -1.853832718221565701e+00 1.392493915990391906e+04 -1.117523068189347102e+00 1.155575228667269805e+00 7.904922884104034893e+02 -3.894717399701410818e-05 -7.675723302608091815e-05 1.354842612447027861e+00
7.120000000000000000e+03 -6.149169540656855837e-01 -8.373352949846768478e-01 1.326037822958170909e+04 -1.496848511284857297e+00 6.621595787358153240e-01 1.014108347893601263e+03 1.137440605252484558e-06 6.805618780321246190e-05 1.294843484850740856e+00
7.130000000000000000e+03 -7.389391762864895297e-01 -1.031407147634487487e+00 1.334695068601728235e+04 -1.645236515871809191e+00 2.127716059705445917e-01 1.186322842359448487e+03 -5.752694567780262486e-05 6.010037205023726812e-05 1.316859636119068311e+00
7.140000000000000000e+03 -6.955588181468713715e-01 -1.473158592644165044e+00 1.323529772255194985e+04 -1.662052304407053205e+00 2.306270232289180100e-02 1.226596832384185063e+03 -7.013282031951431432e-05 1.590925693467813641e-05 1.311194361360286553e+00
7.150000000000000000e+03 -6.356026366410523210e-01 -1.675435831891075145e+00 1.117715652684065390e+04 -1.659470579975142579e+00 -3.241804381073563196e-02 1.110369291922504999e+03 -6.854475003512260534e-05 -4.773869378488727666e-06 1.102807019431007562e+00
7.160000000000000000e+03 -3.203197225119422953e-01 -1.755045415554047583e+00 9.829465905167369783e+03 -1.641995828052959183e+00 -5.359305771967451393e-02 1.035436726153766131e+03 -3.794207042765244243e-05 -1.297897917797745984e-05 9.652264471016356318e-01
7.170000000000000000e+03 -4.823039205104059368e-01 -1.475577482079744707e+00 1.018113215080649934e+04 -1.648301693971792270e+00 -2.340807069611567162e-02 1.034017193708836430e+03 -5.276816786519322906e-05 1.561912239830705307e-05 9.999999999999995559e-01
7.180000000000000000e+03 -1.301430230086337403e+00 -1.846749710930330135e+00 1.197404010388121242e+04 -1.687675424074362329e+00 -8.485461644714069329e-02 1.108594514549702353e+03 -1.410756028104807316e-04 -2.239571219787293334e-05 1.187016701822620757e+00
7.190000000000000000e+03 -1.657278763461421223e+00 -1.991028875264760689e+00 1.363022832386484151e+04 -1.703255550914705596e+00 -1.026846992774099465e-01 1.181267779984738809e+03 -1.783709750645088860e-04 -3.724813988852360261e-05 1.356072933984354245e+00
7.200000000000000000e+03 -1.717146754433526601e+00 -2.213519948889356215e+00 1.414743643440522646e+04 -1.704499190808902886e+00 -1.054047685977861915e-01 1.195725204497738787e+03 -1.831560696847269755e-04 -5.999002055803879174e-05 1.406267192341461802e+00
7.210000000000000000e+03 -1.599953386017068713e+00 -2.105159899485701480e+00 1.414759556452510878e+04 -1.696919065553644801e+00 -1.900145317936537473e-02 1.178630468239666698e+03 -1.623491788476287101e-04 -4.880040134069630654e-05 1.400438449921055817e+00
7.220000000000000000e+03 -2.432534841975378725e+00 -2.040375581103184732e+00 1.412904501129281743e+04 -1.698033550258002622e+00 2.474473048568838485e-01 1.077790477191141008e+03 -2.210602791683126812e-04 -4.439276196919829972e-05 1.395593552327667686e+00
7.230000000000000000e+03 -2.819294253093800773e+00 -1.442014564282921185e+00 1.365853082025133699e+04 -1.595951689641491589e+00 6.186132014853739092e-01 9.134678486701408247e+02 -2.283057913189708433e-04 7.936278569097507271e-06 1.356734711180942021e+00
7.240000000000000000e+03 -3.361148847247113824e+00 -1.413499988780810845e-01 1.277437458082584089e+04 -1.411501551578181690e+00 1.007431702498108317e+00 7.049862723724539819e+02 -2.546233068920214981e-04 1.281032281677179177e-04 1.286158264319810840e+00
7.250000000000000000e+03 -4.101046232919482115e+00 -2.020048596042109124e-01 1.250912086872842337e+04 -1.070685598878432510e+00 1.360207854012390971e+00 5.405728362477195788e+02 -3.011640763366925876e-04 8.753694448661151649e-05 1.292765682840033348e+00
7.260000000000000000e+03 -4.391259350979189513e+00 8.530021694452424863e-02 1.167830364097836355e+04 -6.850061146223074271e-01 1.569103500187498001e+00 3.823088662804589717e+02 -3.173818404914753436e-04 7.987518350023085586e-05 1.246734148726186708e+00
7.270000000000000000e+03 -4.776120616028856958e+00 1.340675993313211189e-01 1.187227152859607122e+04 -4.093244868062976827e-01 1.636785909451839327e+00 3.660526300606397285e+02 -3.608333630899553655e-04 5.356827798568840923e-05 1.319286458877364066e+00
7.280000000000000000e+03 -3.732780235404270730e+00 3.121799009407413283e-01 1.086656986849446366e+04 -2.330444451911973802e-01 1.659599270757569522e+00 3.312762361318622197e+02 -2.410692053804796371e-04 6.358298429776200543e-05 1.236083937970449353e+00
7.290000000000000000e+03 -3.467860111145642854e+00 8.714174813896691241e-01 1.062733895804775057e+04 -2.049293777234376945e-01 1.708319165096014780e+00 3.601982489244770136e+02 -2.133430880849152098e-04 1.355043011229539599e-04 1.244869451545314032e+00
7.300000000000000000e+03 -3.397497119225337148e+00 7.839642576743125479e-01 9.777220450393411738e+03 -1.492629791461633215e-01 1.708798611509846577e+00 3.366215938106985845e+02 -2.082194349693282896e-04 1.235667120848455455e-04 1.178477786812327066e+00
7.310000000000000000e+03 -2.818617800129346485e+00 1.152374609046789677e+00 1.204222089792491897e+04 -6.509549304076657494e-02 1.876804802671943273e+00 4.678669461597060035e+02 -1.355655497961859616e-04 1.425258241189559746e-04 1.493779833631588838e+00
7.320000000000000000e+03 -2.675138030155068236e+00 9.586985910118364096e-01 1.146436955580372523e+04 -7.195600290398160293e-02 1.869178227915341273e+00 4.802889495641877033e+02 -1.190969507970395024e-04 1.236473112769385821e-04 1.452624780455713749e+00
7.330000000000000000e+03 -1.768006982252891435e+00 1.816547959933379808e+00 1.095928364864079231e+04 -5.209700511597370465e-02 1.955410615862130053e+00 4.793674126711263170e+02 2.526396190798798670e-06 2.533403756854842514e-04 1.415293597549890814e+00
7.340000000000000000e+03 -2.075443185324838069e+00 1.398944039819889351e+00 1.061769537039911484e+04 -1.160689246207503716e-01 1.927791872209591251e+00 5.055757222217678759e+02 -4.003741344401778071e-05 2.075302831904487794e-04 1.401045135864241287e+00
7.350000000000000000e+03 -1.763062772101478659e+00 9.127084471273958499e-01 1.042125531520908953e+04 -2.014411161826792085e-01 1.880586475889885367e+00 5.104715629936953292e+02 3.018399958899601330e-06 1.609441404581532964e-04 1.404572656290571375e+00
7.360000000000000000e+03 -2.044929553574438064e+00 -5.267115673055172698e-01 1.096789613201485008e+04 -6.205576808996472460e-01 1.693632034165555966e+00 6.773277721683290338e+02 -5.113321570822049124e-05 1.107118280928574464e-05 1.501654711479111892e+00
7.370000000000000000e+03 -1.605779200900809167e+00 -1.362339248054154961e+00 1.074373219936466376e+04 -1.195462014946835350e+00 1.329438365307878067e+00 8.568225714357281504e+02 -3.795213866173035748e-05 -2.501758696603055028e-05 1.475688529303742724e+00
7.380000000000000000e+03 -6.278143733130057136e-01 -5.295580012999243635e-01 1.014400502032621444e+04 -1.615108471631742981e+00 8.305314147643573230e-01 1.106946417352063690e+03 1.620769570984270403e-05 1.637643515112342091e-04 1.396759802766142755e+00
7.390000000000000000e+03 -3.991756594453723661e-01 -1.110698747138694431e+00 1.014378907505535244e+04 -1.779833561969128564e+00 3.150287736051354259e-01 1.310402855556405939e+03 -2.202964642009015670e-05 9.892520898879590631e-05 1.416927951698673915e+00
7.400000000000000000e+03 -9.186788209640284197e-02 -1.988444625825968481e+00 1.005524037729389966e+04 -1.798214801497124871e+00 -2.927357291062411201e-02 1.427555799564021527e+03 -1.726946736268315788e-05 -2.791664939064796697e-05 1.417766358460261999e+00
7.410000000000000000e+03 -2.422261003079469455e-01 -1.596259681060704816e+00 8.605479990107622143e+03 -1.815539546512969338e+00 -8.363006760827780550e-02 1.309767838482691332e+03 -5.197530450582684049e-05 2.912012445093984113e-05 1.201932852629177706e+00
7.420000000000000000e+03 2.592454953176728805e-01 -1.489593242130942130e+00 7.261516251070966064e+03 -1.772800897629057015e+00 -8.628759927140168540e-02 1.211267012014893680e+03 1.982131750150619803e-05 4.452815050434655254e-05 1.003328184052556082e+00
7.430000000000000000e+03 -2.022913837270325366e-01 -1.541106085280300686e+00 7.236920023284128547e+03 -1.809373977572762637e+00 -8.622610503418558225e-02 1.163370157277862745e+03 -4.683904214300655609e-05 3.708616229525300541e-05 1.000000000000000000e+00
7.440000000000000000e+03 -4.100883048122176966e-01 -1.452911374005437795e+00 8.480502940569083876e+03 -1.826526903150450076e+00 -7.500666930074692540e-02 1.264618685012001151e+03 -7.667922568097847820e-05 5.002679338902984670e-05 1.181667700457295744e+00
7.450000000000000000e+03 -1.041704433245690176e+00 -1.386170273733618119e+00 1.046446686091054471e+04 -1.868084215821481431e+00 3.157863975698815828e-02 1.361429719543596093e+03 -1.541922461128553731e-04 6.040076469900029332e-05 1.468615508350501253e+00
7.460000000000000000e+03 -1.541156882261082162e+00 -1.669847264878835169e+00 1.081737101123613866e+04 -1.852184063380707180e+00 3.127754715812540165e-01 1.266802622857144570e+03 -1.840720163917162946e-04 1.559006655120073276e-05 1.520579867613251590e+00
7.470000000000000000e+03 -2.992853928174528555e+00 -1.320049055033932772e+00 1.065264261980686751e+04 -1.758065987910812256e+00 7.834585773325839497e-01 9.801649488455198025e+02 -3.386213143741281253e-04 4.814207436837741714e-05 1.515548647507511282e+00
7.480000000000000000e+03 -3.305799724756730562e+00 -3.453541279323524837e-01 9.939063305401048638e+03 -1.494775818747811957e+00 1.213290663144989345e+00 7.118617673252852001e+02 -3.395015319670883548e-04 1.662083264409031091e-04 1.449283968567113723e+00
7.490000000000000000e+03 -3.425185979140767056e+00 -1.606103649073949147e-01 9.577796656907325087e+03 -1.076369577206887751e+00 1.569742335655203824e+00 5.420574081677727918e+02 -3.128690170478772860e-04 1.378636697871300331e-04 1.452295801327300406e+00
7.500000000000000000e+03 -2.890515158731232770e+00 -4.989155080348625648e-01 9.039486258555714812e+03 -6.527047805917873813e-01 1.705385349447861465e+00 4.772213471287807920e+02 -2.009807347867044534e-04 2.141712011796674954e-05 1.426964918286221407e+00
7.510000000000000000e+03 -3.302851087627485693e+00 -3.947501543028091309e-01 9.049964959666791401e+03 -3.472227834937519630e-01 1.761764500647234222e+00 4.503193840005503716e+02 -2.683119487440774136e-04 -1.944537977450318744e-05 1.512801216328713894e+00
7.520000000000000000e+03 -2.928855658799827566e+00 1.648813307200074907e-01 8.145443485944416352e+03 -1.973553514180187984e-01 1.819388494178776350e+00 3.741886323634095106e+02 -2.058298003554738282e-04 6.438723543153858191e-05 1.411032787941629563e+00
7.530000000000000000e+03 -2.948663350253458493e+00 8.266830411559370484e-01 7.836282107712429024e+03 -2.629959026707365255e-01 1.897864706107671884e+00 3.736931557096114602e+02 -2.191474011245476072e-04 2.113342621624564365e-04 1.408708373797867841e+00
7.540000000000000000e+03 -2.823201204398275266e+00 4.846197197737893703e-01 7.311775947284422728e+03 -2.353695791226937395e-01 1.865897300642249013e+00 3.568857890654487619e+02 -2.023874780391834863e-04 1.500907521414714140e-04 1.369024874002810366e+00
7.550000000000000000e+03 -2.565079155739057093e+00 6.146839142281498303e-01 7.450518811689601534e+03 -1.061211980206159117e-01 1.807932431788674910e+00 3.729413225413307487e+02 -1.789678370824765051e-04 1.334215095380175686e-04 1.484059122931070007e+00
7.560000000000000000e+03 -2.132558136422749939e+00 7.526573100913398484e-01 6.733242740958941795e+03 -1.066239535278760142e-01 1.834129913896439312e+00 3.361940621533346985e+02 -8.889840015382033194e-05 1.811495847793190132e-04 1.380403074393173446e+00
7.570000000000000000e+03 -1.725350932892290690e+00 1.041308601793998090e+00 6.430583502098858844e+03 -1.894437364099545440e-01 1.891396766967260890e+00 3.988325657382914073e+02 1.046987209613654162e-06 2.871600404768421015e-04 1.356228762228507190e+00
7.580000000000000000e+03 -2.261336932141153166e+00 5.163430570379736739e-01 6.133058803152815017e+03 -3.933519324662358430e-01 1.829469260021405974e+00 4.726672961845815735e+02 -1.341222299150011824e-04 2.038332529579116141e-04 1.350311536570049320e+00
7.590000000000000000e+03 -2.348502477158903368e+00 -1.857364463974672253e-01 6.238822289228331101e+03 -7.509511154112482600e-01 1.677211648992503079e+00 5.982614362945059838e+02 -1.864920957139838741e-04 1.189101889540609871e-04 1.424400264857443421e+00
7.600000000000000000e+03 -2.467838293246241044e+00 -1.001879738412440268e+00 6.287708488487925933e+03 -1.271002005799555024e+00 1.339190517966460714e+00 7.492894390308049424e+02 -2.982147560770047573e-04 3.365554853797678918e-05 1.468880238557021656e+00
7.610000000000000000e+03 -1.722831273498531601e+00 -1.012829552006815126e+00 5.933526955494879985e+03 -1.664717753627554808e+00 8.474106099821232529e-01 9.370197010888950899e+02 -2.477354021921837580e-04 1.449629415728303909e-04 1.401359412435285057e+00
7.620000000000000000e+03 -9.539638956230692690e-01 -1.381304825170659001e+00 5.923920984995845174e+03 -1.821292734650783229e+00 2.712558111430145025e-01 1.230592968435737930e+03 -1.949549990816027171e-04 9.420618245461050101e-05 1.449559236924358618e+00
7.630000000000000000e+03 -5.781000142852747992e-01 -1.672116222481990544e+00 5.942464516935993743e+03 -1.819373281143258581e+00 1.728705823390178434e-02 1.352287986983177916e+03 -1.534629028839132932e-04 2.037096726440287440e-05 1.477830932711268641e+00
7.640000000000000000e+03 -5.158370054023897477e-01 -1.614301933280897883e+00 5.534265605017792041e+03 -1.819340298618914442e+00 -1.786967729446455391e-02 1.331213499263823223e+03 -1.481826546745461945e-04 3.556585932875160549e-05 1.366418980007077177e+00
7.650000000000000000e+03 -1.855164588559276018e-01 -1.579101033121795394e+00 4.591777455957872917e+03 -1.777402221259330339e+00 -6.477308645381678331e-02 1.230829184583374627e+03 -7.378215519302796328e-05 4.414257035977095370e-05 1.113339417013213151e+00
7.660000000000000000e+03 -2.211802530336151318e-01 -1.548487387534424498e+00 4.180226236520461498e+03 -1.781958018983248682e+00 -8.261787545473675554e-02 1.138865244625061678e+03 -8.820888317744775297e-05 5.161190419793155955e-05 1.000000000000000000e+00
7.670000000000000000e+03 -2.037470357775918450e-01 -1.508648974325017988e+00 4.159130742351751906e+03 -1.779127049107228631e+00 -9.081612092190399776e-02 1.125458545525339787e+03 -8.668413007384537022e-05 6.164836071240063959e-05 9.917744458665072038e-01
7.680000000000000000e+03 -3.292163628392529851e-01 -1.428745547710617458e+00 4.894158291210236712e+03 -1.795950353278953582e+00 -7.036697423080849612e-02 1.222711422212442812e+03 -1.168253251809344871e-04 8.249746157539011209e-05 1.179921233595841557e+00
7.690000000000000000e+03 -4.515529048098064213e-01 -1.337393955850253002e+00 5.842907626755289130e+03 -1.806687980973317620e+00 2.341963445279586151e-02 1.349384233036348860e+03 -1.277576856465915760e-04 1.071654168002513169e-04 1.419378604315081560e+00
7.700000000000000000e+03 -6.938541434627560900e-01 -1.399154474282093830e+00 5.981860172560775027e+03 -1.797612433782067587e+00 2.480203024871256989e-01 1.308608661530927748e+03 -1.310126778848393113e-04 8.933397880283951349e-05 1.454353154360963574e+00
7.710000000000000000e+03 -1.457840519077063357e+00 -1.360368741508629187e+00 5.961007713234273979e+03 -1.761338808848870841e+00 6.160885617095709366e-01 1.127129350406036338e+03 -2.415708941003787559e-04 7.995643492107170963e-05 1.476858138702140000e+00
7.720000000000000000e+03 -1.712185001663898420e+00 -7.721998363146416189e-01 5.461751878591006971e+03 -1.562150099097952216e+00 1.042232115606959608e+00 8.870609549018490725e+02 -2.212284687439758347e-04 2.041297766876100839e-04 1.396455093496435040e+00
7.730000000000000000e+03 -2.259016974652524379e+00 -6.987971247324322732e-01 5.199180171192258967e+03 -1.299551501177667268e+00 1.360371928878410408e+00 6.922930252062612908e+02 -3.032129093814814368e-04 1.521721891975834958e-04 1.431293409883802603e+00
7.740000000000000000e+03 -2.548986327470570856e+00 -3.668708135847788543e-01 4.587476942429844712e+03 -8.497896989964398573e-01 1.634486172339522092e+00 3.922441754923939925e+02 -3.325844646201769395e-04 1.267871147910635133e-04 1.380393531357088532e+00
7.750000000000000000e+03 -2.634496949659910214e+00 -1.020483272967987465e-01 4.404361970117764940e+03 -4.516730946246712564e-01 1.741132049199626719e+00 2.684486399120859232e+02 -3.495823080359901358e-04 8.480336029057617634e-05 1.478801290167154114e+00
7.760000000000000000e+03 -2.329644511657487094e+00 4.127821141799106752e-02 3.816386196808434761e+03 -2.543997359545185910e-01 1.764364515294654101e+00 1.951928934019012445e+02 -2.420502243784137728e-04 8.664901525391049703e-05 1.381504037718463751e+00
7.770000000000000000e+03 -2.321308134364746589e+00 3.356287529639873646e-01 3.524832926282175322e+03 -2.375796387106274832e-01 1.825671708681793293e+00 1.885439224830222429e+02 -2.604253056385550475e-04 2.229104137830004498e-04 1.388985226365500925e+00
7.780000000000000000e+03 -2.121913041952296020e+00 2.815677893251555264e-01 3.155316846138526216e+03 -1.851323193707845871e-01 1.823170013788735888e+00 1.786323510038189113e+02 -1.793323886294528207e-04 2.057666888850952030e-04 1.327490968719425180e+00
7.790000000000000000e+03 -1.993489011850496428e+00 1.761652818690053746e-01 3.016222245032061437e+03 -1.206712963896561935e-01 1.849250518749720351e+00 2.149104929859856270e+02 -1.352068797160691080e-04 1.489271541596902274e-04 1.464736374373485361e+00
7.800000000000000000e+03 -1.905955666103040791e+00 7.979287920703918846e-02 2.623690422683845554e+03 -1.440676866461152450e-01 1.841038127073900466e+00 2.133196806991711298e+02 -9.270989101367760365e-05 1.312643683951402623e-04 1.390958131704578493e+00
7.810000000000000000e+03 -1.880598904553326234e+00 6.204082453862293928e-02 2.333423737034445367e+03 -2.240002102533892037e-01 1.873350275619578564e+00 2.731047385703938630e+02 -9.130461509504152933e-05 2.052815129101092165e-04 1.400658543289837743e+00
7.820000000000000000e+03 -1.923015791315113576e+00 -8.988185348414275133e-02 2.002402008208581492e+03 -3.646698818972610723e-01 1.857331726247313908e+00 2.798127783469432188e+02 -1.643042838679734162e-04 2.048810301915019599e-04 1.362162373998611065e+00
7.830000000000000000e+03 -1.756502987478827826e+00 -4.375536390831794575e-01 1.846099939611639229e+03 -5.970874256625912091e-01 1.762558839534326793e+00 3.558294408557719066e+02 -7.650866677764401008e-05 1.597968143444872691e-04 1.389161896781648364e+00
7.840000000000000000e+03 -1.499619218995656755e+00 -1.107649339383654397e+00 1.774625863372707954e+03 -1.148265182341951407e+00 1.405081181029285808e+00 5.861043215784095537e+02 -1.273549441754312126e-04 -7.311189061238031086e-06 1.454005559839836037e+00
7.850000000000000000e+03 -9.432075766735392719e-01 -1.485151103008387485e+00 1.659248064949065565e+03 -1.619527770246091070e+00 8.940355152905161695e-01 7.891932720743593563e+02 -1.353255305565457416e-04 1.255628596098925327e-04 1.393279776344960474e+00
7.860000000000000000e+03 -4.698759523657279891e-01 -1.685366314498980111e+00 1.554839854043649439e+03 -1.852764064413344958e+00 3.263235627408819783e-01 9.774913533787777169e+02 -2.579730467667435182e-04 1.099733103327800210e-04 1.418961249908366140e+00
7.870000000000000000e+03 -5.355024209897247395e-02 -1.740105252147467363e+00 1.547157175669530943e+03 -1.831761739907090014e+00 -6.187324848372231963e-03 1.158686624174116105e+03 -1.141904231175615660e-04 5.865135949347917253e-05 1.432166525986200201e+00
7.880000000000000000e+03 -3.157871206578952150e-02 -1.725856031148713443e+00 1.547774339103078091e+03 -1.835337436017800972e+00 -3.992049600025831396e-02 1.132371270866579607e+03 -1.285546160998034065e-04 7.106000346749526673e-05 1.379297486471161349e+00
7.890000000000000000e+03 5.058981486675103584e-03 -1.732656325815298048e+00 1.358364399323558928e+03 -1.812661290791477420e+00 -3.357278604063603650e-02 1.031467512245644230e+03 -7.041768862132714293e-05 6.228748491350882387e-05 1.129545332144325398e+00
7.900000000000000000e+03 8.321631867503437308e-02 -1.736665466393990886e+00 1.249316017945946214e+03 -1.783506566259894122e+00 -5.118828212501794206e-02 1.026265992339721379e+03 2.868811162022874129e-06 5.620426390143735035e-05 1.000000000000000000e+00
7.910000000000000000e+03 1.098971951066871344e-01 -1.710888532978843690e+00 1.336752392986086988e+03 -1.772059162591586690e+00 -4.234770557915803341e-02 1.083922080523892191e+03 2.857225388859167923e-05 8.545206028784823498e-05 1.088289690460171322e+00
7.920000000000000000e+03 -8.465992918161673042e-02 -1.705474036415558281e+00 1.601597639783149589e+03 -1.821638672920241397e+00 5.648828358997528415e-02 1.135922055118720209e+03 -8.690137160580248547e-05 9.487249488936312777e-05 1.372623212483027322e+00
7.930000000000000000e+03 -4.694583583144680272e-01 -1.714418659363589503e+00 1.673158405687720233e+03 -1.836160910135081981e+00 3.319287915163630642e-01 1.019696059443287254e+03 -2.100778722462291303e-04 5.821242639971199804e-05 1.463298128306475654e+00
7.940000000000000000e+03 -8.378880880030433742e-01 -1.562319112342356098e+00 1.559455701208665232e+03 -1.692115444009153036e+00 7.599498524687440248e-01 8.000501847590621765e+02 -1.812278287763450558e-04 1.160711711854371436e-04 1.423847318128442341e+00
7.950000000000000000e+03 -1.119415947437597758e+00 -1.338798797729257251e+00 1.306488036982936592e+03 -1.451642545697344522e+00 1.137832969839440267e+00 5.765748548817480241e+02 -9.012072382848771877e-05 2.118090055352867787e-04 1.342986060664335790e+00
7.960000000000000000e+03 -1.504169340639093688e+00 -1.019013108506853005e+00 9.089071543966105082e+02 -1.088253607694018799e+00 1.489408713096430414e+00 2.970545323652468142e+02 -2.457055956570791417e-04 1.190809531226537236e-04 1.389125054197355880e+00
7.970000000000000000e+03 -1.651711344349800825e+00 -6.116612557630203284e-01 4.363630528259972152e+02 -6.643934894996813556e-01 1.672870577533439373e+00 7.274950433299905228e+01 -2.655476613755448629e-04 -2.405685725392307857e-05 1.469424005278251899e+00
7.980000000000000000e+03 -1.619376164711607169e+00 -2.928192547173185112e-01 -3.549481639873114602e+01 -3.408801081945247446e-01 1.766261910692777715e+00 -1.253181039894447366e+02 -3.712476185546449009e-04 2.070822185659732158e-05 1.448207409979818117e+00
7.990000000000000000e+03 -1.608977126842737970e+00 -3.171607550524875863e-01 -3.636990743651180082e+02 -2.742711407530964984e-01 1.787174081807765269e+00 -1.712908168470650025e+02 -2.674469670901809541e-04 1.166924382664912273e-04 1.382410643251302806e+00
8.000000000000000000e+03 -1.530331288852351257e+00 -2.976884393349339408e-01 -7.782050970151497040e+02 -2.470684722580896442e-01 1.789892517389087168e+00 -1.584246395860680536e+02 -2.814310753935935589e-04 9.860787741059383273e-05 1.407229284903920741e+00
